0	50.345597231 13.322083223 419.062		popis
1	50.344171539 13.321462545 423.228		popis
2	50.343574449 13.319584716 427.134		popis
3	50.343059402 13.317964201 424.348		popis
4	50.341781532 13.313930971 434.56		popis
5	50.339870541 13.3096408 441.275		popis
6	50.33825986 13.306034797 430.427		popis
7	50.336517955 13.302124558 467.971		popis
8	50.334410295 13.29741581 456.238		popis
9	50.332810393 13.293820426 439.64		popis
10	50.331080252 13.289952603 462.813		popis
11	50.329469761 13.286352231 447.175		popis
12	50.327485137 13.281911641 430.04		popis
13	50.325463978 13.27737513 437.545		popis
14	50.323472921 13.272926944 423.59		popis
15	50.321776226 13.269125766 427.032		popis
16	50.319761189 13.264608655 415.567		popis
17	50.317868019 13.260373939 425.18		popis
18	50.316012917 13.256216491 469.794		popis
19	50.314456079 13.252731445 486.585		popis
20	50.311467793 13.246050337 481.926		popis
21	50.309818192 13.242355768 502.458		popis
22	50.306855701 13.243071313 489.327		popis
23	50.304512586 13.243629734 476.553		popis
24	50.301155249 13.244428652 465.183		popis
25	50.298597716 13.245037676 453.24		popis
26	50.294937686 13.245909862 421.702		popis
27	50.291830749 13.246652931 410.602		popis
28	50.289186364 13.249225708 401.227		popis
29	50.286354439 13.25198115 405.383		popis
30	50.283754029 13.254509699 401.188		popis
31	50.280791681 13.257385311 393.464		popis
32	50.27818335 13.259923659 427.38		popis
33	50.275133515 13.262889912 468.046		popis
34	50.272797029 13.265165837 509.9		popis
35	50.269942253 13.266585326 498.688		popis
36	50.267461017 13.267821307 480.554		popis
37	50.264475559 13.269309623 461.222		popis
38	50.261269659 13.270902981 462.79		popis
39	50.258517193 13.272273326 499.157		popis
40	50.255922083 13.273560339 530.214		popis
41	50.252981455 13.275022729 491.121		popis
42	50.250777635 13.276119862 482.266		popis
43	50.248168978 13.277418054 483.771		popis
44	50.246285882 13.278353211 471.555		popis
45	50.244079789 13.279448448 467.899		popis
46	50.241048659 13.280047859 462.217		popis
47	50.238243652 13.280601831 477.565		popis
48	50.235841956 13.281078971 497.971		popis
49	50.233022559 13.281634553 483.279		popis
50	50.230289857 13.282174472 484.526		popis
51	50.227016396 13.282822471 496.125		popis
52	50.223808328 13.283459295 492.814		popis
53	50.220738587 13.284064427 497.043		popis
54	50.21765406 13.284670882 502.331		popis
55	50.21439185 13.285314846 510.201		popis
56	50.211040774 13.285974543 534.65		popis
57	50.206759168 13.286818192 564.022		popis
58	50.203681594 13.287425321 533.94		popis
59	50.200547398 13.28735719 545.258		popis
60	50.1971121 13.287283246 558.285		popis
61	50.193839013 13.287213407 524.93		popis
62	50.1907935 13.287149949 567.404		popis
63	50.186555532 13.287063334 574.04		popis
64	50.18321881 13.286990014 568.204		popis
65	50.179238001 13.286902722 500.31		popis
66	50.176087572 13.286837833 490.615		popis
67	50.17334407 13.284753776 493.634		popis
68	50.171339536 13.283234518 511.541		popis
69	50.169208566 13.281616672 492.568		popis
70	50.16668597 13.279704798 492.596		popis
71	50.164244946 13.277848696 522.674		popis
72	50.16184353 13.276028621 544.761		popis
73	50.15925714 13.274069063 558.509		popis
74	50.156764284 13.27217869 565.967		popis
75	50.153782387 13.269918336 548.026		popis
76	50.151622291 13.268284158 526.642		popis
77	50.148062495 13.26559132 518.313		popis
78	50.147139858 13.26129692 510.782		popis
79	50.146175196 13.256790319 529.151		popis
80	50.145231074 13.252373938 553.261		popis
81	50.143955623 13.24642351 561.792		popis
82	50.143208937 13.242940033 585.959		popis
83	50.142218178 13.238325467 590.068		popis
84	50.141135916 13.233288928 596.788		popis
85	50.140338759 13.229580074 600.835		popis
86	50.139390029 13.225156175 613.643		popis
87	50.138276115 13.219968896 611.504		popis
88	50.137224173 13.215070973 610.735		popis
89	50.136206792 13.210348784 608.445		popis
90	50.135296654 13.206103044 604.915		popis
91	50.134608339 13.202905182 607.752		popis
92	50.134532858 13.198965661 601.38		popis
93	50.134432845 13.193359312 595.14		popis
94	50.134344435 13.188480051 602.629		popis
95	50.134254158 13.183611539 615.497		popis
96	50.134175676 13.179138456 631.965		popis
97	50.13409062 13.174606486 642.822		popis
98	50.134002236 13.169851648 641.849		popis
99	50.133916696 13.165181305 642.795		popis
100	50.133839548 13.160857682 636.551		popis
101	50.133750374 13.15618646 628.187		popis
102	50.133667676 13.151636937 621.432		popis
103	50.133566682 13.146308466 617.378		popis
104	50.133478888 13.141473478 631.203		popis
105	50.133403749 13.137410544 638.868		popis
106	50.133917327 13.133531696 653.231		popis
107	50.134628894 13.128273836 684.084		popis
108	50.135209761 13.123965522 703.527		popis
109	50.135774427 13.119822649 699.289		popis
110	50.136587944 13.115621005 683.66		popis
111	50.137387155 13.111477007 669.071		popis
112	50.13826414 13.106942804 671.912		popis
113	50.139143736 13.10238723 662.692		popis
114	50.140020227 13.097856835 654.442		popis
115	50.140893548 13.093316381 660.792		popis
116	50.141693598 13.089170819 669.981		popis
117	50.142662623 13.084136498 680.58		popis
118	50.143512179 13.079728884 693.738		popis
119	50.144267979 13.075802624 700.566		popis
120	50.145343781 13.07022055 701.693		popis
121	50.146273067 13.065413403 712.97		popis
122	50.145923383 13.060620283 718.189		popis
123	50.14556446 13.055749845 720.439		popis
124	50.145218686 13.050984281 721.928		popis
125	50.144971936 13.047537274 724.548		popis
126	50.144629136 13.042802037 721.708		popis
127	50.145366803 13.039772098 714.144		popis
128	50.146808517 13.033883935 693.738		popis
129	50.147723508 13.030132207 715.873		popis
130	50.148686192 13.026209907 718.489		popis
131	50.149800197 13.021643453 705.905		popis
132	50.15098188 13.016815473 716.781		popis
133	50.151956741 13.012829359 729.707		popis
134	50.152896416 13.008982949 723.692		popis
135	50.153785041 13.005364281 689.666		popis
136	50.152838124 13.000712867 705.478		popis
137	50.151821756 12.995707449 704.175		popis
138	50.150888638 12.991124039 712.23		popis
139	50.150006546 12.986813398 723.754		popis
140	50.149266151 12.983168894 710.498		popis
141	50.148331123 12.978573812 704.59		popis
142	50.147280783 12.974845309 717.746		popis
143	50.145996973 12.970288704 713.955		popis
144	50.144781821 12.965986131 708.904		popis
145	50.143779434 12.962429131 701.543		popis
146	50.142757762 12.958797956 713.273		popis
147	50.141282574 12.953569804 702.433		popis
148	50.1400237 12.949103258 711.103		popis
149	50.138976162 12.945392226 715.313		popis
150	50.138040694 12.942081948 714.744		popis
151	50.136850448 12.937863322 710.805		popis
152	50.135628396 12.933518739 709.246		popis
153	50.134552405 12.92971509 709.737		popis
154	50.133534153 12.926115605 680.849		popis
155	50.133391579 12.922102692 669.606		popis
156	50.133236832 12.917713641 667.733		popis
157	50.133049937 12.912494835 660.24		popis
158	50.132835991 12.90644643 699.336		popis
159	50.132704482 12.902817183 727.514		popis
160	50.132520235 12.897772275 711.98		popis
161	50.132363743 12.893435118 735.235		popis
162	50.132222105 12.889591792 746.631		popis
163	50.132076369 12.88547387 742.677		popis
164	50.131902335 12.880661467 741.302		popis
165	50.131711559 12.87538823 707.646		popis
166	50.131508839 12.869737384 684.359		popis
167	50.131647029 12.863669267 659.05		popis
168	50.13178236 12.857835432 624.482		popis
169	50.131905972 12.852320785 509.415		popis
170	50.132038612 12.846463348 609.071		popis
171	50.133154386 12.84417099 654.874		popis
172	50.135537936 12.839231239 668.959		popis
173	50.136694584 12.836838567 700.193		popis
174	50.137847477 12.83444258 675.366		popis
175	50.140795541 12.828332519 661.51		popis
176	50.142614058 12.824557213 652.011		popis
177	50.144177507 12.821322357 670.072		popis
178	50.145837735 12.817873361 661.264		popis
179	50.148102811 12.813175589 668.993		popis
180	50.14995845 12.809323145 681.975		popis
181	50.149938499 12.805135778 681.485		popis
182	50.149917457 12.800595368 659.275		popis
183	50.149886938 12.794907207 637.395		popis
184	50.14972815 12.789052815 638.185		popis
185	50.150290208 12.78472571 659.603		popis
186	50.15074194 12.781264309 645.521		popis
187	50.151323637 12.7767936 564.648		popis
188	50.151812275 12.77299829 598.617		popis
189	50.15270073 12.766142647 638.166		popis
190	50.15339491 12.760785406 650.275		popis
191	50.154098088 12.755340954 668.595		popis
192	50.154656161 12.751045396 679.765		popis
193	50.155144162 12.747276029 679.676		popis
194	50.155808582 12.742143606 676.616		popis
195	50.156550379 12.736391933 691.777		popis
196	50.157188072 12.731435306 730.777		popis
197	50.157971915 12.72534889 764.416		popis
198	50.158544095 12.720901112 733.684		popis
199	50.158509827 12.717303545 709.475		popis
200	50.158467744 12.712689553 665.515		popis
201	50.158426134 12.708187533 639.846		popis
202	50.15838377 12.703556808 611.157		popis
203	50.15834157 12.698958469 606.448		popis
204	50.158306834 12.695337623 588.939		popis
205	50.158263035 12.690742026 570.662		popis
206	50.158196491 12.683473251 580.816		popis
207	50.158055976 12.67994368 558.509		popis
208	50.15944708 12.67793477 525.373		popis
209	50.159931799 12.677352161 521.231		popis
210	50.16041446 12.677017444 516.949		popis
