0	50.394819362 13.695429723 260.462		
1	50.393683732 13.695624393 260.795		
2	50.392754756 13.694625972 261.309		
3	50.391076381 13.692812543 261.465		
4	50.38953843 13.691143233 262.561		
5	50.388333386 13.689835561 262.716		
6	50.388777899 13.685598881 263.42		
7	50.389131225 13.682243044 263.183		
8	50.389480386 13.678912406 263.076		
9	50.389822512 13.675647722 263.399		
10	50.390199819 13.672036919 264.743		
11	50.391809246 13.668356122 270.603		
12	50.393495539 13.664501165 282.173		
13	50.395157869 13.660699515 293.162		
14	50.397007885 13.656466796 294.922		
15	50.398676075 13.65264951 298.451		
16	50.400394087 13.648720126 312.36		
17	50.401822885 13.645448052 321.679		
18	50.402306598 13.6417007 324.952		
19	50.402800758 13.637867198 322.635		
20	50.403315367 13.633870982 316.598		
21	50.403870692 13.629559857 313.222		
22	50.404442711 13.625105343 312.165		
23	50.404991741 13.620827834 312.318		
24	50.405566811 13.616357115 310.781		
25	50.40616327 13.611706622 312.403		
26	50.406700826 13.607520827 314.046		
27	50.407218977 13.60348521 317.468		
28	50.40781969 13.598814802 325.11		
29	50.408357901 13.594619506 331.643		
30	50.40893817 13.590093109 339.895		
31	50.409506309 13.585672091 345.317		
32	50.410074812 13.581237474 347.21		
33	50.410619189 13.576992982 348.322		
34	50.411203116 13.572436413 350.005		
35	50.411727347 13.568340312 349.697		
36	50.412631357 13.563965426 312.949		
37	50.413428747 13.560101657 321.951		
38	50.414199357 13.556367048 323.712		
39	50.415002409 13.552474465 327.094		
40	50.415888114 13.548177959 330.186		
41	50.41675534 13.54396924 334.317		
42	50.417618571 13.539782895 337.479		
43	50.418400665 13.535990003 336.1		
44	50.418478131 13.532792231 326.464		
45	50.418583753 13.528434313 312.368		
46	50.4186739 13.524737761 302.252		
47	50.417015797 13.520747026 297.333		
48	50.415446175 13.516969823 311.994		
49	50.41396918 13.513415952 327.464		
50	50.412221616 13.509211032 344.745		
51	50.410636794 13.505398512 360.526		
52	50.409012766 13.501489722 360.246		
53	50.407356972 13.497503562 360.057		
54	50.405709513 13.493536741 361.307		
55	50.40411037 13.489688392 360.177		
56	50.402484867 13.485774497 359.177		
57	50.401014423 13.482234296 362.226		
58	50.39958141 13.4787859 362.774		
59	50.398047777 13.475093405 361.373		
60	50.396542274 13.471471733 354.532		
61	50.394970266 13.467692416 350.022		
62	50.393588909 13.464370451 334.62		
63	50.392024379 13.460609416 323.259		
64	50.390597221 13.457176162 317.088		
65	50.388907043 13.453112799 305.687		
66	50.387241109 13.449109246 314.767		
67	50.385863112 13.445798653 328.995		
68	50.38434459 13.442152513 338.864		
69	50.382887819 13.438653818 344.782		
70	50.382519565 13.433997198 343.078		
71	50.382160264 13.429438906 341.713		
72	50.381863805 13.425679083 342.068		
73	50.381474172 13.42074764 345.014		
74	50.381110611 13.416149799 344.55		
75	50.380746103 13.411529037 342.805		
76	50.380370125 13.406771094 340.791		
77	50.380082377 13.403135056 331.966		
78	50.378538187 13.400335967 340.284		
79	50.376876853 13.397375262 329.413		
80	50.375417776 13.394749576 333.131		
81	50.3732359 13.390827635 317.044		
82	50.371458269 13.387634071 317.264		
83	50.369680728 13.384443545 319.475		
84	50.36869611 13.380058663 324.324		
85	50.369228385 13.375700391 330.078		
86	50.369789541 13.37109909 334.282		
87	50.370318919 13.366737668 333.907		
88	50.370818173 13.362622579 333.022		
89	50.370026189 13.360441599 337.198		
90	50.36857487 13.356422788 353.171		
91	50.367390362 13.353148154 372.832		
92	50.366055844 13.349452111 385.093		
93	50.36481799 13.346027244 347.794		
94	50.363740823 13.343045812 335.333		
95	50.362216397 13.338828373 344.497		
96	50.360716757 13.334682319 359.47		
97	50.359515248 13.331357511 364.54		
98	50.359646339 13.329049012 366.084		
99	50.35864198 13.32764721 373.61		
100	50.356694934 13.326949096 380.84		
101	50.354354191 13.326109669 390.021		
102	50.351743397 13.325173258 413.593		
103	50.349872904 13.324505984 418.432		
104	50.347324461 13.323594672 419.933		
105	50.346233672 13.323191095 418.488		
