HRA	50.346406163 13.332341257 413.841		
2	50.347723132 13.333821932 411.714		
3	50.347422695 13.335249726 407.983		
4	50.345006091 13.337015045 399.198		
5	50.3420067 13.339201918 393.405		
6	50.338791367 13.341540522 395.023		
7	50.335651956 13.34383245 400.95		
8	50.335092181 13.348409388 397.045		
9	50.334515694 13.353094726 391.68		
10	50.333836583 13.358621983 384.613		
11	50.333231141 13.36353891 379.707		
12	50.332636725 13.368387974 375.582		
13	50.331970206 13.373815171 369.926		
14	50.331287954 13.3793496 366.501		
15	50.330652265 13.384509367 366.077		
16	50.328273318 13.388670329 365.659		
17	50.325735268 13.393106189 364.871		
18	50.323475209 13.397056125 362.042		
19	50.32116686 13.401077311 351.712		
20	50.31864951 13.40548541 342.191		
21	50.316135761 13.4098869 323.611		
22	50.313490529 13.41450358 318.402		
23	50.311143515 13.418595696 332.823		
24	50.308728667 13.422815697 315.313		
25	50.30644918 13.424609321 279.927		
26	50.30254376 13.427679898 298.583		
27	50.299555112 13.430030792 294.198		
28	50.296869275 13.432145417 288.323		
29	50.294005669 13.434396541 286.768		
30	50.290439571 13.43720164 298.704		
31	50.2877758 13.439294193 330.889		
32	50.28529312 13.441245614 298.924		
33	50.282742946 13.44324949 313.938		
34	50.280619204 13.444917706 322.772		
35	50.277923188 13.447039387 320.727		
36	50.275042242 13.449304254 308.093		
37	50.272113036 13.451606168 320.808		
38	50.269724896 13.453483682 359.482		
39	50.267745588 13.455035273 353.826		
40	50.265664197 13.456671886 348.85		
41	50.26342493 13.458430592 342.264		
42	50.260161213 13.460993824 336.54		
43	50.257427735 13.463140027 350.285		
44	50.25484442 13.465166444 376.509		
45	50.252596445 13.466929626 393.023		
46	50.24983858 13.469093182 396.348		
47	50.247167948 13.47118863 397.862		
48	50.244618362 13.473190472 393.886		
49	50.24240817 13.474923992 381.209		
50	50.239576045 13.477145394 365.353		
51	50.237062718 13.479116651 355.907		
52	50.234227772 13.482066793 339.7		
53	50.231866565 13.484523914 320.122		
54	50.228693847 13.487818878 331.296		
55	50.226461119 13.490140002 347.649		
56	50.224516901 13.492161737 358.562		
57	50.222342591 13.494419719 358.606		
58	50.220174351 13.496673939 354.72		
59	50.217534858 13.499415891 363.355		
60	50.215069004 13.50197874 372.769		
61	50.212902065 13.504230232 377.183		
62	50.210805559 13.506407087 376.166		
63	50.208127205 13.509189432 383.141		
64	50.20542692 13.51199272 373.056		
65	50.202897087 13.514619581 404.83		
66	50.200517138 13.517090593 424.715		
67	50.198164207 13.519529964 434.939		
68	50.196426297 13.522578926 438.83		
69	50.194590209 13.525799687 443.382		
70	50.19282254 13.528897858 446.153		
71	50.191050251 13.532005356 449.415		
72	50.189410377 13.534874703 440.516		
73	50.187402084 13.537769688 432.219		
74	50.185245494 13.540878798 438.801		
75	50.183167803 13.543874794 442.314		
76	50.181307554 13.546554985 455.076		
77	50.179526193 13.549119895 455.409		
78	50.177678597 13.551786945 439.511		
79	50.175906557 13.554336116 457.514		
80	50.174189178 13.556809233 453.636		
81	50.171942208 13.560045969 427.23		
82	50.169724633 13.561860038 462.264		
83	50.166812139 13.564247468 463.31		
84	50.165103227 13.565646132 471.113		
85	50.163028906 13.567347681 461.167		
86	50.161161464 13.56887846 457.631		
87	50.159243434 13.57045058 448.904		
88	50.156285482 13.572874779 463.05		
89	50.154413266 13.574411027 462.213		
90	50.152418117 13.576044734 470.227		
91	50.150784054 13.577382699 457.13		
92	50.148559047 13.579203883 441.354		
93	50.146526206 13.580868552 433.727		
94	50.144498784 13.582527153 431.211		
95	50.142584803 13.584091827 429.674		
96	50.140598282 13.585717321 424.917		
97	50.138590691 13.587361139 428.751		
98	50.136623888 13.588970609 430.164		
99	50.134386866 13.590799824 420.518		
100	50.13241436 13.592416402 423.061		
101	50.129733756 13.593517675 435.687		
102	50.127021249 13.594634124 441.053		
103	50.124846818 13.595532513 454.807		
104	50.122761469 13.596395769 462.551		
105	50.120139395 13.597480767 467.487		
106	50.117630672 13.598517349 461.642		
107	50.115291715 13.599493748 454.696		
108	50.112251329 13.600759456 446.622		
109	50.110095337 13.601657965 435.726		
110	50.108023172 13.602520602 411.37		
111	50.106106646 13.603320731 403.393		
112	50.103853204 13.604264871 401.397		
113	50.101587306 13.605182409 407.162		
114	50.098784732 13.606314687 413.687		
115	50.096690593 13.608481344 413.04		
116	50.094940827 13.610294222 417.943		
117	50.092823916 13.612493199 421.506		
118	50.090764735 13.614634555 429.429		
119	50.088708915 13.616774232 426.122		
120	50.086723236 13.618840584 415.575		
121	50.083720929 13.621966454 421.529		
122	50.082244527 13.623500355 435.972		
123	50.08058325 13.625229512 447.595		
124	50.079090811 13.628299057 441.366		
125	50.077508927 13.631550026 425.557		
126	50.075572474 13.635529218 419.509		
127	50.073392634 13.640008867 423.172		
128	50.072182024 13.642495156 435.523		
129	50.070784389 13.645365282 447.584		
130	50.069456259 13.648089866 453.656		
131	50.067540485 13.652026393 467.998		
132	50.065625708 13.655962067 498.88		
133	50.064234942 13.658813518 519.151		
134	50.06255473 13.662253742 537.033		
135	50.061021545 13.665402394 554.604		
136	50.059147449 13.667194446 574.447		
137	50.057671596 13.668604473 580.28		
138	50.055780725 13.670412537 578.023		
139	50.052912305 13.668077017 554.943		
140	50.050756637 13.666331953 540.791		
141	50.048994968 13.662578947 530.571		
142	50.047459294 13.659309487 532.888		
143	50.045699948 13.655558955 532.507		
144	50.044288594 13.652556721 536.453		
145	50.042524457 13.648797854 536.661		
146	50.041029364 13.645612853 529.387		
147	50.039411549 13.642167946 521.624		
148	50.038132574 13.639441762 521.49		
149	50.035489401 13.638310808 515.426		
150	50.032426881 13.636999807 504.654		
151	50.029115797 13.635583936 487.392		
152	50.027256855 13.634789362 493.967		
153	50.024408369 13.633569328 478.744		
154	50.022645015 13.632813695 470.168		
155	50.018760689 13.631154158 465.158		
156	50.016851422 13.630337791 475.152		
157	50.014082665 13.629148432 476.068		
158	50.011364528 13.627991555 467.004		
159	50.008423567 13.62673578 453.901		
160	50.005877394 13.625645759 455.207		
161	50.00314491 13.624475511 440.943		
162	50.000397395 13.623300397 431.589		
163	49.997605433 13.622105621 428.496		
164	49.995457844 13.623062482 409.72		
165	49.991871626 13.624657569 433.596		
166	49.98938125 13.625764337 460.631		
167	49.987045721 13.62680516 468.215		
168	49.984111319 13.628111598 467.27		
169	49.980686104 13.629634021 471.855		
170	49.977925423 13.630862778 475.629		
171	49.974466328 13.632402603 469.955		
172	49.971671531 13.633644382 471.269		
173	49.968219262 13.635175759 473.564		
174	49.965364693 13.636442661 450.067		
175	49.962415783 13.637753366 442.631		
176	49.959719416 13.638952315 423.824		
177	49.956540533 13.64036656 410.118		
178	49.954742986 13.641712296 404.12		
179	49.951512738 13.644126365 376.743		
180	49.949086056 13.645944233 367.125		
181	49.945123632 13.645301393 358.365		
182	49.942582274 13.6448878 353.071		
183	49.940593576 13.64059589 364.69		
184	49.938820842 13.636774076 368.738		
185	49.937197097 13.63327105 345.945		
186	49.932080114 13.628370654 409.212		
187	49.930695944 13.627045865 420.736		
188	49.926731461 13.623250859 455.439		
189	49.924417053 13.623023551 469.064		
190	49.921779988 13.62276164 446.381		
191	49.918737846 13.622460595 442.378		
192	49.916199329 13.622211016 454.905		
193	49.913144298 13.621907979 458.482		
194	49.91064084 13.621659472 464.489		
195	49.908110566 13.621409987 466.835		
196	49.904556225 13.621060948 471.024		
197	49.901489497 13.620755895 492.501		
198	49.898707296 13.620480435 512.787		
199	49.896880613 13.618849373 490.071		
200	49.893655225 13.61596375 494.308		
201	49.891556708 13.614093017 497.072		
202	49.889134576 13.611924603 481.447		
203	49.885961615 13.609077716 461.403		
204	49.883787807 13.607133852 464.057		
205	49.881914012 13.605464208 447.231		
206	49.879033354 13.602888868 449.488		
207	49.87667843 13.600782714 485.704		
208	49.876520844 13.599006098 467.825		
209	49.875780193 13.590662068 417.452		
210	49.875607888 13.588742726 428.503		
211	49.875293109 13.585229013 435.246		
212	49.874889227 13.580700992 442.28		
213	49.874478687 13.576092676 457.613		
214	49.874120513 13.572076611 466.706		
215	49.873679462 13.567146391 479.539		
216	49.873304096 13.562952755 477.712		
217	49.872856534 13.557951808 463.675		
218	49.87243168 13.553183522 477.088		
219	49.872059027 13.54902241 480.641		
220	49.871672509 13.544691228 471.043		
221	49.871186063 13.539246758 446.056		
222	49.870780981 13.534706972 424.558		
223	49.870458753 13.531111458 412.24		
224	49.869868251 13.524533678 379.784		
225	49.86960937 13.521639538 382.106		
226	49.867967819 13.52027768 376.049		
227	49.864580081 13.517462892 381.946		
228	49.862125526 13.515423673 392.091		
229	49.858834086 13.512688739 414.517		
230	49.856743068 13.510951233 419.121		
231	49.8534104 13.508179199 414.358		
232	49.851498849 13.506591645 419.131		
233	49.848546873 13.506484394 392.595		
234	49.845412668 13.506372215 394.069		
235	49.842344418 13.506262315 396.553		
236	49.839755218 13.506169175 390.486		
237	49.835873747 13.506030983 399.451		
238	49.833199508 13.505936657 402.734		
239	49.831271006 13.504020225 403.728		
240	49.828143671 13.500915256 406.174		
241	49.825627261 13.498411457 425.999		
242	49.823778984 13.496576739 434.302		
243	49.821885405 13.494695474 430.066		
244	49.819082294 13.49190558 391.391		
245	49.817738802 13.488292329 397.324		
246	49.816057055 13.483783346 406.239		
247	49.814501033 13.47961525 412.663		
248	49.812878546 13.475266979 408.887		
249	49.811176392 13.470713391 417.871		
250	49.80980066 13.467023687 431.705		
251	49.806945223 13.46593515 418.209		
252	49.804629989 13.465056642 397.292		
253	49.801847899 13.466931702 378.854		
254	49.797012874 13.470175665 363.329		
255	49.794846996 13.471630217 378.482		
256	49.792778286 13.473016384 383.504		
257	49.790839539 13.474317992 390.416		
258	49.787098445 13.474612047 421.512		
259	49.785367274 13.474749118 423.705		
260	49.782555169 13.474973029 429.659		
261	49.78019931 13.475155588 446.573		
CHR	49.778968085 13.475664211 453.425		
