160	50.530468396 13.208665868 852.991		
164	50.528934604 13.21008755 851.374		
165	50.527704827 13.211416777 860.836		
166	50.526383283 13.212845325 873.029		
167	50.525148367 13.214178926 866.03		
168	50.52356297 13.215889558 865.023		
169	50.522022709 13.217543076 873.384		
170	50.52054474 13.219174295 884.536		
171	50.519058389 13.220815706 891.967		
172	50.517585089 13.222441016 894.327		
173	50.516068421 13.224113929 892.938		
174	50.51468569 13.225639115 892.398		
175	50.513467172 13.22698304 890.518		
176	50.512254202 13.228322414 889.928		
177	50.510882701 13.229836346 889.268		
178	50.509443937 13.231425042 885.048		
179	50.508546188 13.23309978 888.967		
180	50.507706714 13.234668673 893.275		
181	50.506870799 13.236231367 895.374		
182	50.506035854 13.237793909 897.422		
183	50.505194325 13.239361828 898.021		
184	50.504349486 13.240932337 898.099		
185	50.503235922 13.241549072 902.93		
186	50.502049254 13.242203222 903.68		
187	50.500899248 13.242836093 902.751		
188	50.49980799 13.243436376 899.191		
189	50.498658753 13.244067856 886.761		
190	50.497431059 13.244744305 868.591		
191	50.495963509 13.24460065 853.002		
192	50.494480281 13.244456647 841.284		
193	50.492979925 13.244312358 829.495		
194	50.491737757 13.244189856 811.916		
195	50.489847053 13.243135269 805.88		
196	50.488211542 13.242220452 804.462		
197	50.486596454 13.241316457 799.115		
198	50.484869194 13.240348453 798.028		
199	50.483011525 13.239306734 803.811		
200	50.481574848 13.238501785 812.203		
201	50.479718665 13.237457001 815.526		
202	50.477992355 13.236486344 820.569		
203	50.476382816 13.235585114 820.621		
204	50.474682616 13.234631546 816.603		
205	50.473034519 13.233706677 807.626		
206	50.47122246 13.232688851 808.378		
207	50.469546848 13.23174809 809.451		
208	50.467948196 13.230850125 824.713		
209	50.466277019 13.229911275 842.245		
210	50.464237812 13.228907035 818.127		
211	50.4621633 13.227888024 811.848		
212	50.460852529 13.227244084 809.2		
213	50.459409688 13.226533704 786.281		
214	50.457425533 13.225560784 777.962		
215	50.455901775 13.224812163 755.684		
216	50.454405975 13.224076935 719.195		
217	50.452363284 13.223073444 693.116		
218	50.450065882 13.221946984 718.598		
219	50.449152938 13.221497317 746.519		
220	50.447238533 13.221462897 733.748		
221	50.444658176 13.221412893 729.337		
222	50.443201432 13.221385049 741.047		
223	50.441171853 13.221347791 731.646		
224	50.439405484 13.222087869 709.934		
225	50.436583747 13.223261975 677.71		
226	50.434711998 13.224043268 654.318		
227	50.433224011 13.224666184 612.657		
228	50.431933559 13.225747445 574.504		
229	50.429582262 13.227719599 542.069		
230	50.426258789 13.230508608 502.912		
231	50.424577611 13.230845836 501.381		
232	50.422286899 13.228656732 462.176		
233	50.419957353 13.226436908 454.431		
234	50.418696487 13.222747678 469.11		
235	50.417240574 13.218493145 489.749		
236	50.414707144 13.215690918 492.427		
237	50.412679123 13.212013947 485.805		
238	50.410486192 13.208030263 480.394		
239	50.408611465 13.204625905 459.13		
240	50.406377395 13.200564923 446.567		
241	50.403942403 13.200278285 439.029		
242	50.401717902 13.200018278 424.961		
243	50.399950401 13.202265079 419.671		
244	50.397572506 13.205281769 408.48		
245	50.395484606 13.207929615 400.021		
246	50.393380835 13.210601391 396.261		
247	50.393443377 13.213482224 394.978		
248	50.393530498 13.217571117 378.854		
249	50.391629293 13.219251345 375.185		
250	50.388877217 13.221681236 375.386		
251	50.386380444 13.223886441 376.198		
252	50.383884274 13.224114102 361.273		
253	50.381457919 13.224334908 350.589		
254	50.378054501 13.224645436 356.109		
255	50.375429866 13.224885919 372.478		
256	50.374620749 13.226943848 377.228		
257	50.373737093 13.229193025 363.088		
258	50.374014853 13.233445469 371.652		
259	50.374315462 13.238065929 366.884		
260	50.374667814 13.243419998 381.225		
261	50.374903923 13.247079935 381.099		
262	50.373896243 13.249555287 397.379		
263	50.372367264 13.253289568 413.429		
264	50.371383292 13.256671585 415.718		
265	50.369915894 13.261714371 394.375		
266	50.368426569 13.266813676 392.652		
267	50.367140909 13.269703231 394.332		
268	50.365833356 13.271628181 395.714		
269	50.363952057 13.274408764 394.027		
270	50.362355225 13.277306235 398.69		
271	50.360504149 13.280655115 400.743		
272	50.358889781 13.283582778 398.825		
273	50.357348983 13.286375323 397.338		
274	50.356616731 13.289531923 407.156		
275	50.355919146 13.292535243 417.485		
276	50.355823842 13.29671826 407.999		
277	50.355726048 13.300988819 397.003		
278	50.35563238 13.305096699 386.127		
279	50.352308868 13.308741406 394.137		
280	50.349739446 13.311557914 405.753		
281	50.347543423 13.31395748 417.108		
282	50.345305477 13.316410446 419.513		
283	50.342792574 13.319161419 424.627		
284	50.341911316 13.322356976 424.105		
285	50.341108487 13.325266802 416.923		
286	50.342116052 13.32971238 412.691		
287	50.344624445 13.330364141 414.801		
HRA	50.345792115 13.330915687 414.926		
